6666666666666666666666666666666666666066666666666666000000000000000000000000000000000000000000066666666666666666666666666
6666666666666666666666666666666666666006666666666666000000000000000000000000000000000000000000066666666666666666666666666
6666666666666666666666666666666666666006666666666660000000000000000000000000000000000000000000066666666666666666666666666
6666666666666666666666666666668666666666666666666660000000000000000000000000000000000000000000066666666666666666666666666
6666666666666666666666666666866666666666666666666660000000000000000000000000000000000000000000006666666666666666666666666
6666666666666666666666666668666666666666666666666660000000000000000000000000000000000000000000000666666666666666666666666
0066666666000666666666666666666666666666666666666660000000000000000000000000000000000000000000000066666666666666666666666
0000006666666666666666666688686666666666666666666660000000000000000000000000000000000000000000000006666666666666666666666
0000000000006666666666666886866666666666666666666600000000000000000000000000000000000000000000000006666666666666666666666
0000000000000006666666666866666666600066666666666600000000000000000000000000000000000000000000000006666666666666666666666
0000000000000000006666668666600000000000668666666600000000000000000000000000000000000000000000000006666666666666666666666
6600000000000000000066668666000000000000066666666600000000000000000000000000000000000000000000000000666666666666666666666
6666666660000000000066668666000000000000006866666600000000000000000000000000000000000000000000000000066666666666666666666
0000000066666666600000686060000000000000006666666600000000000000000000000000000000000000000000000000066666666666666666666
0000000000000006666666686060000000000000000666666600000000000000000000000000000000000000000000000000006666666666666666666
0000000000000000000000686660000000000000000666666600000000000000000000000000000000000000000000000000006666666666666666666
0000000000000000000000686660000000000000000666666600000000000000000000000000000000000000000000000000006666666666666666666
0000000000000000000006686660000600000000000666666600000000000000000000000000000000000000000000000000006666666666666666666
6666666000000000000006686660066660000066000666666600000000000000000000000000000000000000000000000000000666666666666666666
0000000000000006666666686660666666000666666666666600000000000000000000000000000000000000000000000000000666666666666666666
0000000000000000000000686666666666606666666666666600000000000000000000000000000000000000000000000000000666666666666666666
0000000000000000000000686666666666606668666666666600000000000000000000000000000000000000000000000000000666666666666666666
0000000000000000000000666666666666600666666666666660000000000000000000000000000000000000000000000000000066666666666666666
0000000000000000000000666666666666000066606066666660000000000000000000000000000000000000000000000000000066666666666666666
6666666666666666666666666660000000000006600066666660000000000000000000000000000000000000000000000000000066666666666666666
0000000000000000000000666600006000000000000066666660000000000000000000000000000000000000000000000000000066666666666666666
0000000000000000000000006600000000000000000066666660000000000000000000000000000000000000000000000000000066666666666666666
0000000000000000000000006660000000000000000066666660000000000000000000000000000000000000000000000000000066666666666666666
0000000000000000000000066660000000000000000066066660000000000000000000000000000000000000000000000000000066666666666666666
0000000000000000000066666666000000666660000000066666000000000000000000000000000000000000000000000000000666666666666666666
0000000000600000000000006666660000666660000000066666000000000000000000000000000000000000000000000000000600066666666666666
6660000000000000000000006666666600066600000000006666000000000000000000000000000000000066666666666666666666666666666666666
0000000000000000000000006666660000000000000000006666000000000000000000000000000000000666888888888888868888888866666666666
0000000000000000000000066666660006666666000000006666000000000000000000000000000000000688888888888888888888888888888866666
0000000000000000000666666666660006666660000000000666000000000000000000000000000000006688888888888888888888888888888866666
0000000000000000666666666666666000666660000000000666000000000000000000000000000000006866888888888888888888888888888866666
0000000000000666666666666666666600666660000000000666000000000000000000000000000000006666666666666668888888888888888886666
0000000000066666666666666666666600000066000000006666000000000000000000000000000000006666666666666666666666668866668866666
0000666666666666666666666666666660000066000000006666000000000000000000000000000000006666666666666666666666666666668866666
6666666666666666666666666666666660066666000000666666000000000000000000000000000000066666666666666666666666666666668866666
6666666666666666666666666666666666666660000066666666600000000000000000000000000000066666666666660000000666666666668866666
6666066666666666666666666666666666666660006666666666600000000000000000000000000000066666666666000000000000000000688666666
0000066666666666666666666668666666688600066666666666600000000000000000000000000000066666666666666660000000006060688666666
0000666666666666666666666668866666666600066668666666600000000000000000000000000000066666666666666666660000000000688666666
6600666666666666666666666668886666666000666686666666600000000000000000000000000000666666666666666666666666600000688666666
0006666666666666666666666668888866666006668866666666660000000000000000000000000000666666666666066666668666666606886666666
0006666666666666666666666666888888888666686666666666666000000000000000000000000000666666666660000606666666666606886666666
0666666666666666666666666666688888886666666666666666666000000000000000000666666666666666666666600000006006600606886666666
6666666666666666666666666666688888886666666666666666666000000000000600066666666666666666666666666666000000006006886666666
6666666666666666666666666666688888888666666666666666666000000000006666666666666666666666666666666666600000066668866666666
0666666666666666666666666666668888888888666666666666666000000000006666666666666666666666666666666666666000006068866666666
6666666666666666666666666666666888888888866666666666666000000000006666666666666666666666666600066666686666000068866666666
0666666666666666666666666666666888888888886666666666666600000000666666666666666666666666666660000060666686666688866666666
0666666666666666666666666666666688888888866666666666666600000000666666666666666666666666666666600000000666666688866666666
0666666666666666666666666666666688888888866666666666666660000000666666666666666666666666666666660000000660666688666666666
0666666666666666666666666666666688888888866666666666666660000006666666666666666666666666666666660000000000660688666666666
0666666666666666668666666666666688888888886666666666666660000006666666666666666668666666666666660000000000006888666666666
6666666866866668868666666666666688888888888666666666666660000006666666666666666668666666666666660000000000006886666666666
0666666886686688888666666666666688888888888866666666666660000066666666666666660068886666666666666000000000006886666666666
0666686688688888888666666666666688888888888886666666666666666666666666666600000006688666666666666000000000066886666666666
0666688668868888888668666666666688886888888888666666666666066066666600000000000000068866666666666600000000068886666666666
6666688666886888888688666666666688866888888888866666666666666666600000000000000000006686666666666660000000068866666666666
6666688866888888888888866666666888666888888888886666666666600000000000000000000000000068888866666660000000068866666666666
6666668886668888888888888666668886666688888888888666666666600000000000000000000000000006866886666660000000668866666666666
6666666888666888888888888666668886666688888688888866666666600000000000000000000000000000666888666660000000688866666666666
6666666668866668888888888688888866666688886088888866666666600000000000000000000000000000006888666660000000688866666666666
6688666666886666888888888888888866666688886068888886666668600000000000000000000000000000000688886666000006688666666666666
6666866666666668888888888888888666666888886008888888866666600000000000000000000000000000000066888666600006888666666666666
6666666666666888888888888888886666866888880006888888866666860060000000000000000000000000000000688886666006888666666666666
6666666666668888888888888888886668666888860000688888886666860000000000000000000000000000000000068888866666888666666666666
6666666688866688888888888888866668668888866600688888886888686006600000000000000000000000000000006888886668886666666666666
6666668666886666688888888888666686668868866600068888888888866000000000000000000000000000000000000668888688886666666666666
6666668866688666888888888886668886688868866600006888888888866000000000000600000000000000000000000006888888886666666666666
6666666666666688888888888886888866688688666600066688888888668600000000000660000000000000000000000006888888886666666666666
6666666666666888888888888888888666888688666666066666888886666600000000000066000000000000000000066006666888866666666666666
6666666666668888888888888888866666886888666666666668888866666860000000000006000000000000000000066000000688866666666666666
6666666888888886888888888866666668888888866666666666666666666660000000000000000000000000000000000000000688666666666666666
6666666888888668888666666666666668888888666666666666666666666686000000000000000000000000000000000000066888666666666666666
6688888866666888886666666666666688888888666666666666666666666666000000000000000000000000000000000066888886666666666666666
6888888666888888886666666666666888888888886666666666666666666668600000000000000000000000000000666888888666666666666666666
8866666688886666888666666666668888888888888866666666666666666666600000000000000000000000006688888888886666666666666666666