7ffffffffffff793333333333333300000000000000000000000000000000000000000000000000000000000000000000333333333333388888883333
ffffffffffff7333333333333333000000000000000000000000000000000000000000000000000000000000000000000003333333333388888883333
ffffffffff793333333333333333000000000000000000000000000000000000000000000000000000000000000000000000333333333338888883333
ffff7fff79933333333333333330000000000000000000000000000000000000000000000000000000000000000000000000033333333333888888333
fffffff793333333333333330000000000000000000000000000000000000000000000000000000000000000000000000000033333333333388888833
fffffff933333333333333330000000000000000000000000000000000000000000000000000000000000000000000000000000333333333338898833
ffffff9333333333333333300000000000000000000000000000000000000000000000000000000000000000000000000000000033333333333889883
fffff93333333333333333300000000000000000000000000000000000000000000000000000000000000000000000000000000003333333333389883
ffff933333333333333333300000000000000000000000000000000000000000000000000000000000000000000000000000000000333333333388988
fff7333333333333333333330000000000000000000000000000000000000000000000000000000000000000000000000000000000333333333338998
f779333333333333333333330000000000000000000000000000000000000000000000000000000000000000000000000000000000033333333338899
7983333333333333333333330000000000000000000000000000000000000000000000000000000000000000000000000000000000000333333333899
9399333333333333333333330000000000000000000000000000000000000000000000000000000000000000000000000000000000000033333333899
3333333333333333333333333000000000000000000000000000000000000000000000000000000000000000000000000000000000000033333333389
3333333333333333333333333000000000000000000000000000000000000000000000000000000000000000000000000000000000000033333333389
3333333333333333333333333000000000000000000000000000000000000000000000000000000000000000000000000000000000000003333333339
3333333333333333333300003000000000000000000000000000000000000000000000000000000000000000000000000000000000000003333333338
3333333333333333333000003300000000000000000000000000000000000000000000000000000000000000000000000000000000000003333333333
3333333333333333330000000300000000000000000000000000000000000000000000000000000000000000000000000000000000000003333333333
3333333383333333330000000300000000000000000000000000000000000000000000000000000000000000000000000000000000000003333333333
3333333388333333333000000030000000000000000000000000000000000000000000000000000000000000000000000000000000000003333333333
3333333333333333333000000030000000000000000000000000000000000000000000000000000000000000000000000000000000000003333333333
3333333333333333333000000003000000000000000000000000000000000000000000000000000000000000000000000000000000000003333333333
3333333333333333333000000003300000000000000000000000000000000000000000000000000000000000000000000000000000000003333333333
8833333333333333333000000003300000000000000000000000000000000000000000000000000000000000000000000000000000000000333333333
8833338333333333333000000000330000000000000000000000000000000000000000000000000000000000000000000000000000000000333333333
8883388833333333333000000000033000000000000000000000000000000000000000000000000000000000000000000000000000000000333333333
8888888883333333333000000000003300000000000000000000000000000000000000000000000000000000000000000000000000000000033333333
8888888883333333333000000000003330000000000000000000000000000000000000000000000000000000000000000000000000000000033333333
8888888883333333333000000000000333000000000000000000000000000000000000000000000000000000000000000000000000000000033333333
8888888888333333333000000000000033330000000000000000000000000000000000000000000000000000000000000000000000000030033333333
8888888888333333333000000000000038830000000000000000000000000000000000000000000000000000000000000000000000000033333333333
8888888888833333333300000000000038880000000000000000000000000000000000000000000000000000000000000000000000000033333333339
8888888888833333333300000000000338830000000000000000000000000000000000000000000000000000000000000000000000000033333333387
8888888888833333333300000000000338800000000000000000000000000000600000000000000000000000000000000000000000000033333333897
8888888888833333333330000000003338800000000000000000000000000000000000000000000000000000000000000000000000000033333338979
9888888888833333333330000000033383000000000000000000000000000000000000000000000000000000000000000000000000000333333889d98
9888888888833333333330000000333300000000000000000000000000000000000000000000000000000000000000000000000000003333888899883
8888888888833333333333000003333000000000000000000000000000000000000000000000000000000000000000000000000000033388888998333
8888888888833333333333000333300000000000000000000000000000000000000000000000000000000000000000000000000000033389889983333
988888888888333333333333333300000000000000000000000000000000000000000000000000000000000000000000000000000003388dd99883333
99988888888833333333333333300000000000000000000000000000000000000000000000000000000000000000000000000000000338877dd833333
9998888888888333333333333330000000000000000000000000000000000000000000000000000000000000000000000000000000003339777833333
9998888888888333333333333300000000000000000000000000000000000000000000000000000000000000000000000000000000000333877833333
9999888888888333333333333300000000000000000000000000000000000000000000000000000000000000000000000000000000000333389833333
9999888888888833333333333000000000000000000000000000000000000000000000000000000000000000000000000000000000000333333333333
9999888888888833333333333000000000000000000000000000000000000000000000000000000000000000000000000000000000000333333333333
9998888888888883333333330000000000000000000000000000000000000000000000000000000000000000000000000000000000000333333333333
9998888888888883333338830000000000000000000000000000000000000000000000000000000000000000000000000000000000000333333333333
9988888888888883333333300000000000000000000000000000000000000000000000000000000000000000000000000000000000000333333333333
8888883333333333333333300000000000000000000000000000000000000000000000000000000000000000000000000000000000000333333333333
8333333333333333333333300000000000000000000000000000000000000000000000000000000000000000000000000000000000000333333333333
3333333333333333333333000000000000000000000000000000000000000000000000000000000000000000000000000000000000000333333333333
3333333333333333333333000000000000000000000000000000000000000000000000000000000000000000000000000000000000000333333333333
3333333333333333333333000000000000000000000000000000000000000000000000000000000000000000000000000000000000000333333333333
3333333333333333333330000000000000000000000000000000000000000000000000000000000000000000000000000000000000000333333333333
3333330333333333333330000000000000000000000000000000000000000000000000000000000000000000000000000000000000000333333333333
3333330333333333333330000000000000000000000000000000000000000000000000000000000000000000000000000000000000003333333333333
3333300333333333333330000000000000000000000000000000000000000000000000000000000000000000000000000000000000003333333333333
9333300333333333333300000000000000000000000000000000000000000000000000000000000000000000000000000000000000003333333333333
9333333333333333333300000000000000000000000000000000000000000000000000000000000000000000000000000000000000003333333333333
9933333333333333333300000000000000000000000000000000000000000000000000000000000000000000000000000000000000033333333333333
9993333333333333303300000000000000000000000000000000000000000000000000000000000000000000000000000000000000033333333333333
9979333333333333003300000000000000000000000000000000000000000000000000000000000000000000000000000000000000033333333333333
9977933333333333003300000000000000000000000000000000000000000000000000000000000000000000000000000000000000333333333333338
9777733333333333003300000000000000000000000000000000000000000000000000000000000000000000000000000000000000333333333338888
9777733333333330003300000000000000000000000000000000000000000000000000000000000000000000000000000000000003333333333388888
7777833333333330003300000000000000000000000000000000000000000000000000000000000000000000000000000000000033333333333888888
7779333333333330003300000000000000000000000000000000000000000000000000000000000000000000000000000000000333333333333888888
7793033333333300003300000000000000000000000000000000000000000000000000000000000000000000000000000000000333338338388888888
7733333333333300003300000000000000000000000000000000000000000000000000000000000000000000000000000000333333388888888888888
7733333333333000003000000000000000000000000000000000000000000000000000000000000000000000000000000003333333388888888889998
f733333333333030003000000000000000000000000000000000000000000000000000000000000000000000000000003333333333888888888889999
f733333333333330000000033000000000000000000000000000000000000000000000000000000000000000000033333333333333888888988999999
f933333333333333003000333300000000000000000000000000000000000000000000000000000000000000000333333333333338888888999999999
f733333333333333303003333333000000000000000000000000000000000000000000000000000000000000000000033333333333888888999999999
f799333333333333333333333333000000000000000000000000000000000000000000000000000000000000300000033333333388889988999999999
ff79333333333333333333333333000000000000000000000000000000000000000000000000000030000003300000333333333388888983899999999
f798333333333333333333333333300003000000000000000000000000000000000000003333333333333003333330333333333388888993899999999
f793333333003333333333333333333300000000000000000000000000000000000333333333333333333003333300033333333388883998389999999
f933333333000033333333333333333300000000000000000000000000000000030333333333333333333033333333333333333388883999889999999