fffff79933333333333333333000000000000000000000000000000000000000000000000000000000000000000000000033333333333333888999883
ffff793333333883333333333000000000000000000000000000000000000000000000000000000000000000000000000000333333333333338899888
fff7933333338888333333330000000000000000000000000000000000000000000000000000000000000000000000000000033333333333333899988
ff79333333388883333333300000000000000000000000000000000000000000000000000000000000000000000000000000033333333333333399998
f783333333388883333333000000000000000000000000000000000000000000000000000000000000000000000000000000003333333333333389999
9333333333388883333330000000000000000000000000000000000000000000000000000000000000000000000000000000000333333333333338999
3333893333333333333330000000000000000000000000000000000000000000000000000000000000000000000000000000000333333333333333999
3333893333333333333330000000000000000000000000000000000000000000000000000000000000000000000000000000000033333333333333899
9933888333333333333330000000000000000000000000000000000000000000000000000000000000000000000000000000000000333333333333399
9933888833333333333330000000000000000000000000000000000000000000000000000000000000000000000000000000000000033333333333389
8933388833333333333330000000000000000000000000000000000000000000000000000000000000000000000000000000000000003333333333389
3883333333333333333333000000000000000000000000000000000000000000000000000000000000000000000000000000000000003333333333339
3333333333333333333333000000000000000000000000000000000000000000000000000000000000000000000000000000000000000333333333338
3333333333333333333333000000000000000000000000000000000000000000000000000000000000000000000000000000000000000033333333333
3333333333333333333033000000000000000000000000000000000000000000000000000000000000000000000000000000000000000033333333333
3333333333333333000033300000000000000000000000000000000000000000000000000000000000000000000000000000000000000033333333333
3338833333333333000003300000000000000000000000000000000000000000000000000000000000000000000000000000000000000033333333333
3338888833333333000003330000000000000000000000000000000000000000000000000000000000000000000000000000000000000033333333333
3388888333333333000000330000000000000000000000000000000000000000000000000000000000000000000000000000000000000033333333333
3888888833333333300000333000000000000000000000000000000000000000000000000000000000000000000000000000000000000003333333333
3338888833333333330000033000000000000000000000000000000000000000000000000000000000000000000000000000000000000003333333333
3388888833333333330000033300000000000000000000000000000000000000000000000000000000000000000000000000000000000003333333333
8888888883333333330000003300000000000000000000000000000000000000000000000000000000000000000000000000000000000003333333333
8888888883333333330000003330000000000000000000000000000000000000000000000000000000000000000000000000000000000003333333333
8888888883333333330000000333000000000000000000000000000000000000000000000000000000000000000000000000000000000000333333333
8888888883333333300000000033300000000000000000000000000000000000000000000000000000000000000000000000000000000000333333333
8888888883333333300000000003330000000000000000000000000000000000000000000000000000000000000000000000000000000033333333333
8888888883333333300000000003333000000000000000000000000000000000000000000000000000000000000000000000000000000033333333333
8888888833333333300000000000333333000000000000000000000000000000000000000000000000000000000000000000000000000033333333333
8888888883333333300000000000038833000000000000000000000000000000000000000000000000000000000000000000000000000033333333333
8888888883333333300000000000038883000000000000000000000000000000000000000000000000000000000000000000000000000033333333333
8888888883333333330000000000038880000000000000000000000000000000000000000000000000000000000000000000000000000003333333333
8888888888333333330000000000338880000000000000000000000000000006000000000000000000000000000000000000000000000003333333339
8888888888333333330000000000338880000000000000000000000000000000000000000000000000000000000000000000000000000033333333897
988888888883333333300000000338883000000000000000000000000000000000000000000000000000000000000000000000000000033333333897d
9888888888833333333000000033383000000000000000000000000000000000000000000000000000000000000000000000000000000333333889998
9888888888833333333300000333300000000000000000000000000000000000000000000000000000000000000000000000000000003333888899988
9898888888833333333300033333000000000000000000000000000000000000000000000000000000000000000000000000000000033338888999833
9898888888833333333333333300000000000000000000000000000000000000000000000000000000000000000000000000000000033389d89998333
98998888888333333333333330000000000000000000000000000000000000000000000000000000000000000000000000000000000333897d9988333
999988888883333333333333000000000000000000000000000000000000000000000000000000000000000000000000000000000000338977dd83333
9999888888883333333333330000000000000000000000000000000000000000000000000000000000000000000000000000000000000333977d83333
9999888888883333333333300000000000000000000000000000000000000000000000000000000000000000000000000000000000000333387783333
9999888888888333333333300000000000000000000000000000000000000000000000000000000000000000000000000000000000000333333883333
9998888888888833333333000000000000000000000000000000000000000000000000000000000000000000000000000000000000000333333333333
9998888888888888833333000000000000000000000000000000000000000000000000000000000000000000000000000000000000000333333333333
9998888888888888888830000000000000000000000000000000000000000000000000000000000000000000000000000000000000000333333333333
9988888888888888888830000000000000000000000000000000000000000000000000000000000000000000000000000000000000000333333333333
9888888888888888888800000000000000000000000000000000000000000000000000000000000000000000000000000000000000000333333333333
8888888888888888888300000000000000000000000000000000000000000000000000000000000000000000000000000000000000000033333333333
8888888888888833333300000000000000000000000000000000000000000000000000000000000000000000000000000000000000000333333333333
8888888883333333333000000000000000000000000000000000000000000000000000000000000000000000000000000000000000000333333333333
3333333333333333333000000000000000000000000000000000000000000000000000000000000000000000000000000000000000000333333333333
3333333333333333333000000000000000000000000000000000000000000000000000000000000000000000000000000000000000000333333333333
3333333333333333330000000000000000000000000000000000000000000000000000000000000000000000000000000000000000003333333333333
3333333333333333330000030000000000000000000000000000000000000000000000000000000000000000000000000000000000003333333333333
3333333333333333300000030000000000000000000000000000000000000000000000000000000000000000000000000000000000003333333333333
3333333333333333300000030000000000000000000000000000000000000000000000000000000000000000000000000000000000003333333333333
3333333333333333300000030000000000000000000000000000000000000000000000000000000000000000000000000000000000003333333333333
3333333333333333300003000000000000000000000000000000000000000000000000000000000000000000000000000000000000003333333333388
3333333333333333300003000000000000000000000000000000000000000000000000000000000000000000000000000000000000033333333333888
3333333333383333300003000000000000000000000000000000000000000000000000000000000000000000000000000000000000033333333338888
3333333333383333300003000000000000000000000000000000000000000000000000000000000000000000000000000000000000033333333888899
3333333333333333300303000000000000000000000000000000000000000000000000000000000000000000000000000000000000333333838888999
3333333333333333300303300000000000000000000000000000000000000000000000000000000000000000000000000000000000333333388888999
3333333333333333300033330000000000000000000000000000000000000000000000000000000000000000000000000000000000333338888888999
7333333333330333300033300000000000000000000000000000000000000000000000000000000000000000000000000000000003333388888889999
9333333333330333330003300000000000000000000000000000000000000000000000000000000000000000000000000000000033333388888889999
3333338333300333330003300000000300000000000000000000000000000000000000000000000000000000000000000000000333333888888889999
3333333333300333333000300000000300000000000000000000000000000000000000000000000000000000000000000000003333333888888889999
3333333333300333303000033000000000000000000000000000000000000000000000000000000000000000000000000000033333338888999999999
3333333333000333303000033030000000000000000000000000000000000000000000000000000000000000000000000003333333338888899999999
3333333333300333333300033333000300000000000000000000000000000000000000000000000000000000000000003333333333388888899999999
3333333333330333333333333333000300000000000000000000000000000300030000000000000000000000000003333333333333388888899999999
3333333333330333333333333300000300000000000000000033333033333333333333333300003030000000003333333333333333388988899999999
3333333333333333033333333300000300000000000000003333333333333333333333333333033033000000000000033333333333388988999999999
3333333333333333033333333300000300000000000000333333333333333333333333333333333030000000300000033333333338888999999999999
3333333333333333333333333000000333000000000000000003333333333333333333333333333033000000300000333333333338998899889999999
3333333333333333333333333303303300000000000000000033333333333333333333333333300333300333330003333333333338988899938999999
3333333333338833333333333300033330000000000000033333333333333333333333333333333333333303333330033333333338988389983999999
3333330033388883333333333333330000000000000000033333333333333333333333333333333333333303333330333333333338998889993399999