ffff799888888888833333333333300303000000000000000000000000000000000000000000000000000033333333333333333333333889999999999
ff79999888999888833333333303300000000000000000000000000000000000000000000000000000000033333333333333333333333338999999999
f799998889999988833333333000000000000000000000000000000000000000000000000000000000000000033333333333333333333333399999999
7999988899999988833333333000003000000000000000000000000000000000000000000000000000000000003333333333333333333333338999999
9999999999999988833333330000003000000000000000000000000000000000000000000000000000000000000333333333333333333333333399999
9999999999999998833333330000003000000000000000000000000000000000000000000000000000000000000033333333333333333333333399999
9999999999999888833333000000033000000000000000000000000000000000000000000000000000000000000003333333333333333333333339999
9999998999998888833333000000033000000000000000000000000000000000000000000000000000000000000003333333333333333333333338999
9999989999988888333333030000033000000000000000000000000000000000000000000000000000000000000000033333333333333333333333999
9999983988888888333333330030030000000000000000000000000000000000000000000000000000000000000000033333333333333333333333999
9999993888888333333333330330000000000000000000000000000000000000000000000000000000000000000000003333333333333333333333399
9999993388833333333333330300003000000000000000000000000000000000000000000000000000000000000000003333333333333333333333399
9999998333333333338333300000003000000000000000000000000000000000000000000000000000000000000000000333333333333333333333399
9999988333333333338333000000000000000000000000000000000000000000000000000000000000000000000000000333333333333333333333399
9999988833333333333333000000000000000000000000000000000000000000000000000000000000000030000000000333333333333333333333389
9999998888333333333333300000000000000000000000000000000000000000000000000000000000000000000000003333333333333333333333339
9999999988333333333333300000000000000000000000000000000000000000000000000000000000000000000000003333333333333333333333339
9999999998333333333333300000000000000000000000000000000000000000000000000000000000000000000000003333333333333333333333338
9999999888333333333333330000000000000000000000000000000000000000000000000000000000000000000000003333333333333333333333333
9999998888833333333333330000000000000000000000000000000000000000000000000000000000000000000000000333333333333333333333333
9999998888883333333333330000000000000000000000000000000000000000000000000000000000000000000000000033333333333333333333333
9999998888883333333333330000000000000000000000000000000000000000000000000000000000000000000000000033333333333333333333333
9999998888883333333333333000000000000000000000000000000000000000000000000000000000000000000000000003333333333333333333333
9999998888888333333333383000000000000000000000000000000000000000000000000000000000000000000000000033333333333333333333333
9999998888888333333333333300000000000000000000000000000000000000000000000000000000000000000000000033333333333333333333333
9999998888888333333333338330000000000000000000000000000000000000000000000000000000000000000000000033333333333333333333333
9999998888888333333333333833000000000000000000000000000000000000000000000000000000000000000000000033333333333333333333333
9999998888888333333333333383300000000000000000000000000000000000000000000000000000000000000000033333333333333333333333333
9999998888888333333333333388330300000000000000000000000000000000000000000000000000000000000000003333333333333333333333333
9999998888888333333333333338833330000000000000000000000000000000000000000000000000000000000000003333333333333333333333333
9999998888888333333333333338888830000000000000000000000000000000000000000000000000000000000000000333333333333333333333333
9999998888888833333333333338888800000000000000000000000000000000000000000000000000000000000000000333333333333333333333333
9999999888888833333333333338888800000000000000000000000000000000000000000000000000000000000000000033333333333333333333333
999999988888883333333333333888d800000000000000000000000000000060000000000000000000000000000000000003333333333333333333339
9999999888888833333333333338888300000000000000000000000000000080000000000000000000000000000000000333333333333333333333399
9999999988888833333333333388888000000000000000000000000000000000000000000000000000000000000000000333333333333333383838997
9999999988888883333333333388883000000000000000000000000000000000000000000000000000000000000000000333333333333333388899977
9999999988888883333333333888330000000000000000000000000000000000000000000000000000000000000000000333333333333333899999779
9999999998888888333333338833000000000000000000000000000000000000000000000000000000000000000000000003333333333338999997799
9999999998888888333333388300000000000000000000000000000000000000000000000000000000000000000000000003333333333389d999d7999
999999999888888883333883300000000000000000000000000000000000000000000000000000000000000000000000000333333333389977ddd9999
999999998888888888888833330000000000000000000000000000000000000000000000000000000000000000000000033333333333389d777779999
9999999998888888888888333300000000000000000000000000000000000000000000000000000000000000000000003333333333333899777779999
9999999998888888888883333300000000000000000000000000000000000000000000000000000000000000000000003333333333333338977779999
9999999999888888888883333330000000000000000000000000000000000000000000000000000000000000000000033333333333333333389779998
9999999999888888888833333330000000000000000000000000000000000000000000000000000000000000000000033333333333333333338999998
9999999999888888888833333330000000000000000000000000000000000000000000000000000000000000000000333333333333333333338899998
9999999999888888888333333300000000000000000000000000000000000000000000000000000000000000000000333333333333333333338899988
9999999999888888888333333300000000000000000000000000000000000000000000000000000000000000000000333333333333333333338899988
9999999999888888883333333300000000000000000000000000000000000000000000000000000000000000000000333333333333333333338899989
9999999998888888883333333000000000000000000000000000000000000000000000000000000000000000000000033333333333333333338999999
9999999998888888833333333000000000000000000000000000000000000000000000000000000000000000000000033333333333333333338999999
9999999998888888833333333000000000000000000000000000000000000000000000000000000000000000000000033333333333333333338999999
9999999998888888333333333000000000000000000000000000000000000000000000000000000000000000000000333333333333333333338999999
9999999998888888333333330000000000000000000000000000000000000000000000000000000000000000000000333333333333333333338999999
9999999988888883333333330000000000000000000000000000000000000000000000000000000000000000000000033333333333333333338999999
9999999988888883333333300000003300000000000000000000000000000000000000000000000000000000000000033333333333333333338999999
9999999998888883333333300000033000000000000000000000000000000000000000000000000000000000000000333333333333333333338999999
8999999998888833333333303000033000000000000000000000000000000000000000000000000000000000000003333333333333333333338999999
8899999998888833333333333000333000000000000000000000000000000000000000000000000000000000000003333333333333333333339999999
8899999998888833333333033000333000000000000000000000000000000000000000000000000000000000000033333333333333333333339999999
3888898999983833333333333003333000000000000000000000000000000000000000000000000000000000000033333333333333333333389999999
3388888999983833333333333003333000000000000000000000000000000000000000000000000000000000000033333333333333333333389999999
3338889999938833333333333033333000000000000000000000000000000000000000000000000000000000000333333333333333333333399999999
3338889999838333333333333333333030000000000000000000000000000000000000000000000000000000000333333333333333333333899999999
3333389999333333333333333333333330000000000000000000000000000000000000000000000000030030003333333333333333333333899999999
3333399998333333333333333333333330000000000000000000000000000000000000000000000000330033033333333333333333333333999999999
3333989993333333333333333333333300000000000000000000000000000000000000000000000000330333333333333333333333333338999999999
9389989993333333333333333333333300000000000000000000000033333300000000003300000003330333333333333333333333333339999999999
3399989983333333333333333333333303000003033333333333333333333333333333333333333303333333333333333333333333333389999999999
3999939933333333333333333333333303300033333333333333333333333333333333333333333333333333333333333333333333333399999999999
9999989833333333333333333333333333300333333333333333333333333333333333333333333333333333333333333333333333333399999999999
3999389333333333333333333333333333333333333333333333333333333333333333333333333333333333333333333333333333333899999999999
3899388333333333333333333333333333333333333333333333333333333333333333333333333333333333333333333333333333338999999999999
8888393333333333333333333333333333333333333333333333333333333333333333333333333333333333333333333333333333389999999999999
8883333333333333333333333333333333333333333333333333333333333333333333333333333333333333333333333333333338889999999999999
9998333333333333333333333333333333333333333333333333333333333333333333333333333333333333333333333333333888889999999999999
3899833333333333333333333333333333333333333333333333333333333333333333333333333333333333333333333333338888389999999999999
33399933333333333333333333333333333333333333333333333333333333333333333333333333333333333333333333333388883399d9999999999
3333399833333333333333333333333333333333333333333333333333333333333333333333333333333333333333333333333388939999999999999
9339938993333333333333333333333333333333333388888333333388883333333333333333333333333333333000333333333388999999999999999