fffff7998883388833333333333333300000000000000000000000000000000000000000000003333333333333333333333333333338999999dd77999
ffff79988888388833333333333333300000000000000000000000000000000000000000000000333333333333333333333333333338999999dd77799
ff79998888883888333333333333000000000000000000000000000000000000000000000000033333333333333333333333333333338999999d77779
7999988899998888333333333003000000000000000000000000000000000000000000000000033333333333333333333333333333333899999d77777
9999988899999888333333333000000000000000000000000000000000000000000000000000003333333333333333333333333333333389999dd7777
99998899999998883333333300000330000000000000000000000000000000000000000000000003333333333333333333333333333333388999d7777
9999999999999888333333330000033000000000000000000000000000000000000000000000333333333333333333333333333333333333389997777
9999999999999888333333330000033000000000000000000000000000000000000000000000333333333333333333333333333333333333338999777
9999999999998883333333330000033000000000000000000000000000000000000000000000330333333333333333333333333333333333333899977
99998899999888833333333000003300000000000000000000000000000000000000000000003303333333333333333333333333333333333338899d7
9998898988888833333333300000330000000000000000000000000000000000000000000000333000330333333333333333333333333333333389997
9999388888883333333333300000330000000000000000000000000000000000000000000000300000000333333333333333333333333333333388999
9999338883333333333333300300330000000000000000000000000000000000000000000000000000000333333333333333333333333333333389999
9999833333333333333333333300000000000000000000000000000000000000000000000000000000000330333333333333333333333333333339999
9999833333333333383333300000003000000000000000000000000000000000000000000000000000000330003333333333333333333333333339999
9999883333333333383333000000003000000000000000000000000000000000000000000003333333300030000033333333333333333333333339999
9999988333333333333330000000003000000000000000000000000000000000000000333333333333333033300000333333333333333333333338999
9999999888333333333333000000000000000000000000000000000000000000000000333333333333333333300000000333333333333333333333899
9999999988833333333333000000000000000000000000000000000000000000000000000303333300033333330000000033333333333333333333399
9999999988333333333333000000000000000000000000000000000000000000000000000000300000000033333300000033333333333333333333399
9999999888833333333333300000000000000000000000000000000000000000000000003000000000000000333003330033333333333333333333389
9999999888833333333333300000000000000000000000000000000000000000000000300000000000000000033000333333333333333333333333339
9999998888833333333383300000000000000000000000000000000000000000000000000000000000000000000333333333333333333333333333339
9999998888833333333333300000000000000000000000000000000000000000000000330000000000000000000003333333333333333333333333339
9999998888833333333338330000000000000000000000000000000000000000000000330000000000000000000000333333333333333333333333339
9999988888883333333338830300000000000000000000000000000000000000000003333000000000000000000000033333333333333333333333333
9999988888883333333333833000000000000000000000000000000000000000000003333300000000000000000000033333333333333333333333333
9999988888883333333333383000000000000000000000000000000000000000000033333330000000000000000000003333333333333333333333333
9999988888883333333333338300000000000000000000000000000000000000000003333333003303000000000000333333333333333333333333333
9999998888883333333333338330000000000000000000000000000000000000000300003300000333330000000003333333333333333333333333333
9999998888888333333333333883000000000000000000000000000000000000000000000000000033333333000333333333333333333333333333333
9999998888888333333333333388333300000000000000000000000000000000000000000000000000333333333333333333333333333333333333333
9999998888888333333333333388888300000000000000000000000000000000000000000000000000000333333333333333333333333333333333333
9999998888888333333333333388888300000000000000000000000000000000000000000000000000000033333333333333333333333333333333338
9999998888888333333333333388888300000000000000000000000000000000000000000000000000000000003333333333333333333333333333388
9999999888888333333333333388888000000000000000000000000000000000000000000000000000000000000033333333333333333333333333389
99999999888888333333333333888d8000000000000000000000000000000000003000000000000000000000000000333333333333333333338333899
9999999988888833333333333388883000000000000000000000000000000086003000000000000000000000000000033333333333333333338838899
9999999988888883333333333888883000000000000000000000000000000086000000000000000000000000000003333333333333333333338888999
9999999998888883333333338888830000000000000000000000000000000000000000000000000000000000000000033333333333333333389998997
9999999998888883333333388888300000000000000000000000000000000000000000000000000000000000000000003333333333333333389999977
9999999998888888333333888830000000000000000000000000000000000000000000000000000000000000000003033333333333333333899999777
9999999998888888833388883300000000000000000000000000000000000000000000000000000000000000000000333333333333333388999997777
9999999998888888888888833330000000000000000000000000000000000000000000000000000000000000000000333333333333333389977d77779
9999999998888888888888333330033333300000000000000000000000000000000000000000000000000000000033333333333333333389777777799
9999999998888888888883333333333333300000000003000000000000000000000000000000000000000000000333333333333333333399777777d99
9999999999888888888833333333333333300000000333300000000000000000000000000000000000000000000333333333333333333399d77777d99
9999999999888888888833333333333333303000000333300000000000000000000000000000000000000000000333333333333333333338897777d99
9999999999888888888333333333333333033000003333300000000000000000000000000000000000000000003333333333333333333333338977799
9999999999988888883333333333333333330000003333000000000000000000000000000000000000000000003333333333333333333333338997799
9999999999988888883333333333333333330000003333000000000000000000000000000000000000000000003333333333333333333333338999999
9999999999988888833333333333333333330000003333000000000000000000030000000000000000000000003333333333333333333333338999999
9999999999888888833333333333333333330000003333000300000000000000030000000000000000000000000333333333333333333333338899999
9999999999888888833333333333333333330000033333000300000000000000000000000000000000000000000333333333333333333333338999999
9999999999888888333333333333333333330000033333333333003000000000000000000000000000000000000333333333333333333333338899999
9999999999888888333333333333333333330000033333333333333300000000300000000000000000000000000333333333333333333333333899999
9999999998888883333333333333333333330000033333333333333300000000300000000000000000000000000333333333333333333333333899999
9999999998888883333333333333333333330000333333333333333300000000000000000000000000000000003333333333333333333333333899999
9999999998888833333333333333333333333000333333333333333300000000000000000000000000000000003333333333333333333333333899999
9999999999888833333333333338333333333000333333333333333300000000000000000000000000000000003333333333333333333333333899999
9999999999888833333333333388333333333003333333333333333300000000000000000000000000000000033333333333333333333333333899999
9999999999888333333333333388333333333333333333333333333300003000000000000000000000000000033333333333333333333333333899999
9999999998888333333333333888333333333333333333333333333300003300000000000000000000000000033333333333333333333333333899999
9999999998888333333333338888333333333333333333333333333300033330000000000000000000000000333333333333333333333333333899999
9999999999883333333333388883333333333333333333333333333330033330000000000000000000000000333333333333333333333333333899999
9999999999383333333333388883333333333333333333333333333333333333000300000000000000000333333333333333333333333333333999999
9999999998383333333333388883333333333333333333333333333333333333003300030000000000000333333333333333333333333333333999999
9999999993883333333333388833333333333333333333333333333333333333333330333000000000003333333333333333333333333333338999999
9989999983883333333333388833333333333333333333333333333333333333333333333300300000033333333333333333333333333333338999999
9389999933883333333333388333333333333333333333333333333333333333333333333333330000333333333333333333333333333333338999999
3399999833383333333333388333333333333333333333333333333333333333333333333333333333333333333333333333333333333333339999999
3999999333883333333333333333333333333333333333333333333333333333333333333333333333333333333333333333333333333333389999999
9999999333883333333333333333333333333333333333333333333333333333333333333333333333333333333333333333333333333333389999999
9999998333883333333333333333333333333333333333333333333333333333333333333333333333333333333333333333333333333333399999999
9999993333883333333333333333333888333333333333333333333333333333333333333333333333333333333333333333333333333333899999999
9999993333833333333333333333338888333333333333333333333333333333333333333333333333333333333333333333333333333338999999999
9939933333333333333333333333888888333333333333333333333333333333333333333333333333333333333333333333333333333338999999999
9939933333333333333333333333888888883333333333333333333333333333333333333333333333333333333333333333333333333389999999999
9939333333333333333333333338888888883333333333333333333333333333333333333333333333333333333333333333333333333389999999999
9889333333333333333333333338888888883383333333333333333333333333333333333333333333333333333333333333333333333899999999999
9993333333333333333333333338888888883888333333333333333333333333333333333333333333333333333333333333333333389999999997999