fffff79998333888333333333333333333300000000000000000033003333333333333333333333333333333333333333333333333999999777777777
fffff79989333888333333333333333333300000000000000000000003333333333333333333333333333333333333333333333333899999d77777777
ffff799888833888333333333333333003000000000000000000000033333303333333333333333333333333333333333333333333389999977777777
ff79989988833888333333333333300000000000000000000000000333333003333333333333333333333333333333333333333333338999997777777
7799988989983888333333333333000000000000000000000000000333300033333333033333333333333333333333333333333333333899997777777
9999888999998888333333333000000000000000000000000000003333300333333000033333333333333333333333333333333333333899999777777
9999888999998888333333333000000000000000000000000000003333303333330000033333333333333333333333333333333333333389999977777
9999999999999888333333330000030000000000000000000000033333333333300000033333333333333333333333333333333333333333899997777
9999999999999888333333330000033000000000000000000000333333333333000000033330333333333333333333333333333333333333388999777
9999999999999883333333330000033000000000000000000000333333333330000000033330333333333333333333333333333333333333333899977
9999999999988833333333300000330000000000003000003003333333333330000000303330333333333333333333333333333333333333333399997
9999989998888833333333300000330000000000033300033333333333333330000000303330333333333333333333333333333333333333333389997
9993888888888333333333300003330000000003333330333333333333333300000000003300333333333033333333333333333333333333333339999
9993388888333333333333333303330000000033333333333333333333333300000000003300330000000033333333333333333333333333333338999
9998388333333333333333333303330000000333333333333333333333333300000000003300330000000033333333333333333333333333333338999
9999333333333333833333333303333000000333333333333333333333333300000000000000330000000033333333333333333333333333333338999
9999833333333333833333303303333000003333333333333333333333333000300000000000000000000033000333333333333333333333333333999
9999883833333333883333303333033003333333333333333333333333333000000000003000333000000000000003333333333333333333333333999
9999998888333333333333300333033003333333333333333333333333333003300000333333333333333003330300333333333333333333333333999
9999999988833333333333300330033003333333333333333333333333333333300003333333333333333333300000000033333333333333333333899
9999999998833333333333300033033003333333333333333333333333333333300000000333333333333333330000000003333333333333333333399
9999999988833333338333300003033333333333333333333333333333333333000000000000330000000033333000000003333333333333333333338
9999999888883333338333300003333333333333333333333333333333330330000000000300000000000000033303333000333333333333333333333
9999999888883333333833330003333333333333333333333333333333300330000000030000000000000000003300033333333333333333333333333
9999999888888333333833333000333333333333333333333333333333333300000000000000000000000000000033333333333333333333333333333
9999999988888333333383333000033333333333333333333333333333333300030000033000000000000000000003333333333333333333333333333
9999999988888333333388333300000333333333333333333333333333333300330000033000000000000000000000333333333333333333333333333
9999999988888333333338333300000333333333333333333333333333333300000000333300000000000000000000033333333333333333333333333
9999999988888333333338833330000033000333333333333333333333333000000000333300000000000000000000033333333333333333333333333
9999999988888333333333883330000003000333333333333333333333333000000003333330000000000000000000033333333333333333333333333
9999999988888333333333383333000003003333333333333333333333330000000033333333333300000000000000033333333333333333333333333
9999999998888333333333388333300000003333333333333333333333330000000033033333303333333000000000333333333333333333333333333
9999999998888333333333338833333000033333333333333333333033300300000000000000000333333333000003333333333333333333333333333
9999999988888833333333333888333300033333333333333333333333000033000000000000000000333333333333333333333333333333333333333
9999999998888833333333333388888300333333333333333333333333000000000000000000000000003333333333333333333333333333333333333
9999999998888833333333333388888300333333333333333333330033000000000000000000000000000033333333333333333333333333333333333
9999999998888833333333333388888300333333333333333333333000030000000000000000000000000000333333333333333333333333333333338
99999999998888833333333333888d8003333333333333333333333300030000030000000000000000000000000033333333333333333333333333338
9999999999888883333333333888dd3033333333333333333333303000330000033000000000000000000000000000333333333333333333338833388
9999999999988883333333333888d83033333333333333333333000000000036003300000000000000000000000000033333333333333333333883389
d999999999988888333333338888d80333333333333333333333000000000088000300000000000000000000000033333333333333333333333888899
d999999999988888333333338888833333333333333333333333000000000038000000000000000000000000000000333333333333333333333888999
d999999999988888333333888888333333333333333333333330000000000000000000000000000000000000000000003333333333333333338999999
d999999999988888833388888883333333333333303330033000000000000000000000000000000000000000000030000333333333333333338999997
d999999999998888888888888333333333333333303300333300000000000000000000000000000000000000000000333333333333333333889999977
d99999999998888888888888333333333333333300333333300000000000000000000000000000000000000000000033333333333333333889d7dd777
dd99999999998888888888888888333333333330003333333003000000000000000000000000000000000000000003333333333333333388997777777
d9999999999988888888888888888333333333300033333300030000000000000000000000000000000000000000333333333333333333389d7777779
d9999999999998888888888888888333333333300033333300030000000000000000000000000000000000000333333333333333333333399d7777779
9999999999999888888888888888833333333330003333330003000000000000000000000000000000000000033333333333333333333338997f77779
9999999999999888888899888888833333333330003333300033000000000000033000000000000000000000333333333333333333333333388977779
9999999999999998889999998888833333333330033333300033000000000000003000000000000000000000333333333333333333333333333897779
d999999999999998999999998888833333333300033333300033000000000000033000000000000000000000033333333333333333333333333899979
9999999999999998999999999888833333333300033333300030000300000000033000000000000000000000003333333333333333333333333899999
9999999999999998999999999888833333333300033333300333003330000000033000000000000000000000033333333333333333333333338889999
9999999999998889999999999988833333333330033333300333333330000000333000000000000000000000003333333333333333333333338889999
9999999999999989999999999988833333333300033333333333333330000000333000000000000000000000003333333333333333333333333889999
9999999999999899999999999988833333333330333333333333333330000000333000000000000000000000003333333333333333333333333889999
9999999999998899999999999988333333333333333333333333333330000000333000000000000000000000003333333333333333333333333889999
9999999999999899999999999998333333333333333333333333333333000000330000000000000000000000033333333333333333333333333889999
9999999999998899999999999998833333333333333333333333333330000000330000000000000000000000033333333333333333333333333889999
9999999999998999999999999998833333333333333333333333333333300003330000000000000000000000033333333333333333333333333889999
9999999999988997999999999998833333333333333333333333333333330003330000000000000000000000033333333333333333333333333889999
9999999999989997999999999998833333333333333333333333333333333333300000000000000000000000333333333333333333333333333389999
9999999999999997999999999998833333333333333333333333333333333333000000000000000000000000333333333333333333333333333389999
9999999999999997999999999998833333333333333333333333333333333333000003300000000000000003333333333333333333333333333389999
9999999999999977799999999998833333333333333333333333333333333333000003333000000000000003333333333333333333333333333389999
9999999999999977799999999998833333333333333333333333333333333333300033333000000000000033333333333333333333333333333389999
9999999998999977799999999988833333333333333333333333333333333333300333333300000000003333333333333333333333333333333389999
9999999998999977799999999988833333333333333333333333333333333333333333333330003000003333333333333333333333333333333389999
9999999939999777799999999988883333333333333333333333333333333333333333333333333000033333333333333333333333333333333889999
9999999889997777799999999988883333333333333333333333333333333333333333333333333303333333333333333333333333333333333899999
9999999389997777779999999888883333333333333333333333333333333333333333333333333333333333333333333333333333333333333899999
9999993389997777999999999888883383333333333333333333333333333333333333333333333333333333333333333333333333333333333899999
9999993389997777999999999888888883333333333333333333333333333333333333333333333333333333333333333333333333333333333999999
9999993389997777779999998888888883333333333333333333333333333333333333333333333333333333333333333333333333333333338999999
9999933389997777779999998888888888333333333333333333333333333333333333333333333333333333333333333333333333333333338999999
9999933399997777999999998889888888333333333333333333333333333333333333333333333333333333333333333333333333333333389999999
9999933399897779999999998889999888388333333333333333333333333333333333333333333333333333333333333333333333333333389999999
9999333399899999999999998889999898383333333333333333333333333333333333333333333333333333333333333333333333333333899999999
9999333399899999999999998899999898883333333333333333333333333333333333333333333333333333333333333333333333333338899999999