8888888888888888888888888888888888888888888888888888888888888888888888888888888888888666666666666666666666666666666666666
8888888888888888888888888888888888888888888888888888888888888888888888888888888888886666666666666666666666666666666666666
8888888888888888888888888888888888888888888888888888888888888888888888888888888888866666666666666666666666666666666666666
8888888888888888888888888888888888888888888888888888888888888888888888888888888888666666666666666666666666666666666666666
8888888888888888888888888888888888888888888888888888888888888888888888888888888888666666666666666666666666666666666666666
8888888888888888888888888888888888888888888888888888888888888888888888888888866666666666666666666666666666666666666666666
8888888888888888888888888888888888888888888888888888888888888888888888888888866666666666666666666666666666666666666666666
8888888888888888888888888888888888888888888888888888888888888888888888888888666666666666666666666666666666666666666666666
8888888888888888888888888888888888888888888888888888888888888888888888888888666666666666666666666666666666666666666666666
8888888888888888888888888888888888888888888888888888888888888888888888888666666666666666666666666666666666666666666666666
8888888888888888888888666688866888888888888888888888888888888888888888886666666666666666666666666666666666666666666666666
6666666668888888866666666666666688888888888888888888888888888886666666666666666666666666666666666666666666666666666666666
6666666666666666666666666666666666666666666666666666666666666666666666666666666666666666666666666666666666666666666666666
6666666666666666666666666666666666666666666666666666666666666666666666666666666666666666666666666666666666666666666666666
6666666666666666666666666666666666666666666666666666666666666666666666666666666666666666666666666666666666666666666666666
6666666666666666666666666666666666666666666666666666666666666666666666666666666666666666666666666666666666666666666666666
6666666666666666666666666666666666666666666666666666666666666666666666666666666666666666666666666666666666666666666666666
6666666666666666666666666666666666666666666666666666666666666666666666666666666666666666666666666666666666666666666666666
6666666666666666666666666666666666666666666666666666666666666666666666666666666666666666666666666666666666666666666666666
6666666666666666666666666666666666666666666666666666666666666666666666666666666666666666666666666666666666666666666666666
6666666666666666666666666666666666666666666666666666666666666666666666666666666666666666666666666666666666666666666666666
6666666666666666666666666666666666666666666666666666666666666666666666666666666666666666666666666666666666666666666666666
6666666666666666666666666666666666666666666666666666666666666666666666666666666666666666666666666666666666666666666666666
6666666666666666666666666666666666666666666666666666666666666666666666666666666666666666666666666666666666666666666666666
6666666666666666666666666666666666666666666666666666666666666666666666666666666666666666666666666666666666666666666666666
6666666666666666666666666666666666666666666666666666666666666666666666666666666666666666666666666666666666666666666666666
6666666666666666666666666666666666666666666666666666666666666666666666666666666666666666666666666666666666666666666666666
6666666666666666666666666666666666666666666666666666666666666666666666666666666666666666666666666666666666666666666666666
6666666666666666666666666666666666666666666666666666666666666666666666666666666666666666666666666666666666666666666666666
6666666666666666666666666666666666666666666666666666666666666666666666666666666666666666666666666666666666666666666666666
6666666666666666666666666666666666666666666666666666666666666666666666666666666666666666666666666666666666666666666666666
6666666666666666666666666666666666666666666666666666666666666666666666666666666666666666666666666666666666666666666666666
6666666666666666666666666666666666666666666666666666666666666666666666666666666666666666666666666666666666666666666666666
6666666666666666666666666666666666666666666666666666666666666666666666666666666666666666666666666666666666666666666666666
6666666666666666666666666666666666666666666666666666666666666666666666666666666666666666666666666666666666666666666666666
6666666666666666666666666666666666666666666666666666666666666666666666666666666666666666666666666666666666666666666666666
6666666666666666666666666666666666666666666666666666666666666666666666666666666666666666666666666666666666666666666666666
6666666666666666666666666666666666666666666666666666666666666666666666666666666666666666666666666666666666666666666666666
6666666666666666666666666666666666666666666666666666666666666666666666666666666666666666666666666666666666666666666666666
6666666666666666666666666666666666666666666666666666666666666666666666666666666666666666666666666666666666666666666666666
6666666666666666666666666666666666666666666666666666666666666666666666666666666666666666666666666666666666666666666666666
6666666666666666666666666666666666666666666666666666666666666666666666666666666666666666666666666666666666666666666666666
6666666666666666666666666666666666666666666666666666666666666666666666666666666666666666666666666666666666666666666666666
6666666666666666666666666666666666666666666666666666666666666666666666666666666666666666666666666666666666666666666666666
6666666666666666666666666666666666666666666666666666666666666666666666666666666666666666666666666666666666666666666666666
6666666666666666666666666666666666666666666666666666666666666666666666666666666666666666666666666666666666666666666666666
6666666666666666666666666666666666666666666666666666666666666666666666666666666666666666666666666666666666666666666666666
6666666666666666666666666666666666666666666666666666666666666666666666666666666666666666666666666666666666666666666666666
6666666666666666666666666666666666666666666666666666666666666666666666666666666666666666666666666666666666666666666666666
6666666666666666666666666666666666666666666666666666666666666666666666666666666666666666666666666666666666666666666666666
6666666666666666666666666666666666666666666666666666666666666666666666666666666666666666666666666666666666666666666666666
6666666666666666666666666666666666666666666666666666666666666666666666666666666666666666666666666666666666666666666666666
6666666666666666666666666666666666666666666666666666666666666666666666666666666666666666666666666666666666666666666666666
6666666666666666666666666666666666666666666666666666666666666666666666666666666666666666666666666666666666666666666666666
6666666666666666666666666666666666666666666666666666666666666666666666666666666666666666666666666666666666666666666666666
6666666666666666666666666666666666666666666666666666666666666666666666666666666666666666666666666666666666666666666666666
6666666666666666666666666666666666666666666666666666666666666666666666666666666666666666666666666666666666666666666666666
6666666666666666666666666666666666666666666666666666666666666666666666666666666666666666666666666666666666666666666666666
6666666666666666666666666666666666666666666666666666666666666666666666666666666666666666666666666666666666666666666666666
6666666666666666666666666666666666666666666666666666666666666666666666666666666666666666666666666666666666666666666666666
6666666666666666666666666666666666666666666666666666666666666666666666666666666666666666666666666666666666666666666666666
6666666666666666666666666666666666666666666666666666666666666666666666666666666666666666666666666666666666666666666666666
6666666666666666666666666666666666666666666666666666666666666666666666666666666666666666666666666666666666666666666666666
6666666666666666666666666666666666666666666666666666666666666666666666666666666666666666666666666666666666666666666666666
6666666666666666666666666666666666666666666666666666666666666666666666666666666666666666666666666666666666666666666666666
6666666666666666666666666666666666666666666666666666666666666666666666666666666666666666666666666666666666666666666666666
6666666666666666666666666666666666666666666666666666666666666666666666666666666666666666666666666666666666666666666666666
6666666666666666666666666666666666666666666666666666666666666666666666666666666666666666666666666666666666666666666666666
6666666666666666666666666666666666666666666666666666666666666666666666666666666666666666666666666666666666666666666666666
6666666666666666666666666666666666666666666666666666666666666666666666666666666666666666666666666666666666666666666666666
6666666666666666666666666666666666666666666666666666666666666666666666666666666666666666666666666666666666666666666666666
6666666666666666666666666666666666666666666666666666666666666666666666666666666666666666666666666666666666666666666666666
6666666666666666666666666666666666666666666666666666666666666666666666666666666666666666666666666666666666666666666666666
6666666666666666666666666666666666666666666666666666666666666666666666666666666666666666666666666666666666666666666666666
6666666666666666666666666666666666666666666666666666666666666666666666666666666666666666666666666666666666666666666666666
6666666666666666666666666666666666666666666666666666666666666666666666666666666666666666666666666666666666666666666666666
6666666666666666666666666666666666666666666666666666666666666666666666666666666666666666666666666666666666666666666666666
6666666666666666666666666666666666666666666666666666666666666666666666666666666666666666666666666666666666666666666666666
6666666666666666666666666666666666666666666666666666666666666666666666666666666666666666666666666666666666666666666666666
6666666666666666666666666666666666666666666666666666666666666666666666666666666666666666666666666666666666666666666666666
8866666666666666666666666666666666666666666666666666666666666666666666666666666666666666666666666666666666666666666666666